1 0.0166338 0.000296744 0 0 1 0
1.06333 0.0174202 0.000235388 0 0 1 0
1.13066 0.0182396 0.000186946 0 0 1 0
1.20226 0.0190931 0.000148651 0 0 1 0
1.2784 0.0199818 0.00011835 0 0 1 0
1.35936 0.0209067 9.43443e-05 0 0 1 0
1.44544 0.0218689 7.5307e-05 0 0 1 0
1.53697 0.0228694 6.01915e-05 0 0 1 0
1.63431 0.0239092 4.81764e-05 0 0 1 0
1.7378 0.0249894 3.86141e-05 0 0 1 0
1.84785 0.026111 3.09948e-05 0 0 1 0
1.96487 0.0272749 2.49161e-05 0 0 1 0
2.0893 0.028482 2.00602e-05 0 0 1 0
2.2216 0.0297334 1.61762e-05 0 0 1 0
2.36229 0.0310298 1.30654e-05 0 0 1 0
2.51189 0.032372 1.05704e-05 0 0 1 0
2.67096 0.0337608 8.56662e-06 0 0 1 0
2.8401 0.0351968 6.95494e-06 0 0 1 0
3.01995 0.0366806 5.65676e-06 0 0 1 0
3.21119 0.0382127 4.60952e-06 0 0 1 0
3.41455 0.0397936 3.76341e-06 0 0 1 0
3.63078 0.0414235 3.07871e-06 0 0 1 0
3.86071 0.0431027 2.52373e-06 0 0 1 0
4.10519 0.0448311 2.07315e-06 0 0 1 0
4.36516 0.0466087 1.70671e-06 0 0 1 0
4.64159 0.0484353 1.40816e-06 0 0 1 0
4.93552 0.0503105 1.1645e-06 0 0 1 0
5.24807 0.0522338 9.65275e-07 0 0 1 0
5.58042 0.0542044 8.02068e-07 0 0 1 0
5.93381 0.0562215 6.68113e-07 0 0 1 0
6.30957 0.058284 5.57951e-07 0 0 1 0
6.70914 0.0603906 4.67173e-07 0 0 1 0
7.134 0.0625398 3.92215e-07 0 0 1 0
7.58578 0.06473 3.3019e-07 0 0 1 0
8.06616 0.0669593 2.78756e-07 0 0 1 0
8.57696 0.0692255 2.36012e-07 0 0 1 0
9.12011 0.0715264 2.0041e-07 0 0 1 0
9.69765 0.0738596 1.7069e-07 0 0 1 0
10.3118 0.0762223 1.45822e-07 0 0 1 0
10.9648 0.0786117 1.24964e-07 0 0 1 0
11.6591 0.0810248 1.07429e-07 0 0 1 0
12.3975 0.0834585 9.26516e-08 0 0 1 0
13.1826 0.0859095 8.01666e-08 0 0 1 0
14.0174 0.0883744 6.95921e-08 0 0 1 0
14.905 0.0908498 6.0613e-08 0 0 1 0
15.8489 0.0933323 5.29688e-08 0 0 1 0
16.8526 0.0958185 4.64438e-08 0 0 1 0
17.9198 0.098305 4.08593e-08 0 0 1 0
19.0546 0.100789 3.60667e-08 0 0 1 0
20.2613 0.103266 3.19423e-08 0 0 1 0
21.5443 0.105735 2.53418e-08 0 0.107143 0.892857 0
22.9087 0.108193 2.2591e-08 0 0.107143 0.892857 0
24.3594 0.110638 2.02028e-08 0 0.107143 0.892857 0
25.902 0.113068 1.8123e-08 0 0.107143 0.892857 0
27.5423 0.115483 1.63058e-08 0 0.107143 0.892857 0
29.2864 0.117882 1.47125e-08 0 0.107143 0.892857 0
31.1411 0.120267 1.33103e-08 0 0.107143 0.892857 0
33.1131 0.12264 1.20715e-08 0 0.107143 0.892857 0
35.2101 0.125004 1.09722e-08 0 0.107143 0.892857 0
37.4398 0.122097 1.2342e-08 0 0.107143 0.892857 0
39.8107 0.129729 9.11424e-09 0 0.107143 0.892857 0
42.3318 0.13211 8.32205e-09 0 0.107143 0.892857 0
45.0125 0.132911 8.0743e-09 0 0.107143 0.892857 0
47.863 0.134365 7.64673e-09 0 0.107143 0.892857 0
50.894 0.135887 7.22806e-09 0 0.107143 0.892857 0
54.117 0.137404 6.83764e-09 0 0.107143 0.892857 0
57.544 0.138892 6.47906e-09 0 0.107143 0.892857 0
61.1881 0.14034 5.00353e-10 0.918665 0.00871447 0.0726206 0
65.0629 0.14174 3.0093e-10 0.948593 0.00550792 0.0458993 0
69.1831 0.143089 2.33645e-10 0.958151 0.00448386 0.0373655 0
73.5642 0.144385 1.96739e-10 0.963136 0.00394974 0.0329145 0
78.2228 0.145628 1.72612e-10 0.966241 0.00361702 0.0301418 0
83.1764 0.146815 1.55309e-10 0.968366 0.00338932 0.0282443 0
88.4437 0.147948 1.42169e-10 0.969908 0.00322413 0.0268678 0
94.0445 0.149027 1.31795e-10 0.971072 0.00309945 0.0258287 0
100 0.150052 1.23373e-10 0.971976 0.00300261 0.0250217 0
106.333 0.151025 1.16393e-10 0.972693 0.00292575 0.0243813 0
113.066 0.151947 1.10512e-10 0.973272 0.00286373 0.0238644 0
120.226 0.152818 1.05493e-10 0.973745 0.002813 0.0234417 0
127.84 0.153641 1.01167e-10 0.974137 0.00277106 0.0230922 0
135.936 0.154417 9.74047e-11 0.974463 0.00273606 0.0228005 0
144.544 0.155148 9.41108e-11 0.974738 0.00270664 0.0225554 0
153.697 0.155834 9.12098e-11 0.97497 0.00268175 0.0223479 0
163.431 0.156478 8.86423e-11 0.975168 0.00266057 0.0221714 0
173.78 0.157081 8.63605e-11 0.975337 0.00264245 0.0220204 0
184.785 0.157646 8.43256e-11 0.975482 0.0026269 0.0218908 0
196.487 0.158173 8.25055e-11 0.975607 0.00261349 0.0217791 0
208.93 0.158666 8.08734e-11 0.975716 0.00260189 0.0216824 0
222.16 0.159124 7.94069e-11 0.97581 0.00259182 0.0215985 0
236.229 0.15955 7.80869e-11 0.975891 0.00258306 0.0215255 0
251.189 0.159946 7.6897e-11 0.975963 0.00257541 0.0214618 0
267.096 0.160313 7.58232e-11 0.976025 0.00256873 0.0214061 0
284.01 0.160653 7.48533e-11 0.97608 0.00256287 0.0213573 0
301.995 0.160967 7.39765e-11 0.976128 0.00255773 0.0213144 0
321.119 0.161258 7.31836e-11 0.97617 0.0025532 0.0212767 0
341.455 0.161525 7.24664e-11 0.976207 0.00254922 0.0212435 0
363.078 0.161771 7.18174e-11 0.97624 0.0025457 0.0212141 0
386.071 0.161997 7.12303e-11 0.976269 0.00254259 0.0211882 0
410.519 0.162205 7.06993e-11 0.976295 0.00253984 0.0211653 0
436.516 0.162395 7.02191e-11 0.976318 0.0025374 0.021145 0
464.159 0.162569 6.97852e-11 0.976338 0.00253525 0.0211271 0
493.552 0.162727 6.93933e-11 0.976356 0.00253333 0.0211111 0
524.807 0.162872 6.90397e-11 0.976371 0.00253164 0.021097 0
558.042 0.163003 6.8721e-11 0.976385 0.00253013 0.0210844 0
593.381 0.163123 6.8434e-11 0.976398 0.00252879 0.0210733 0
630.957 0.163231 6.8176e-11 0.976409 0.00252761 0.0210634 0
670.914 0.163328 6.79444e-11 0.976419 0.00252656 0.0210547 0
713.4 0.163416 6.77369e-11 0.976427 0.00252563 0.0210469 0
758.578 0.163495 6.75514e-11 0.976435 0.0025248 0.02104 0
806.616 0.163566 6.7386e-11 0.976442 0.00252408 0.021034 0
857.696 0.163629 6.7239e-11 0.976448 0.00252344 0.0210286 0
912.011 0.163685 6.71087e-11 0.976453 0.00252287 0.0210239 0
969.765 0.163735 6.69937e-11 0.976458 0.00252238 0.0210198 0
1031.18 0.163779 6.68927e-11 0.976462 0.00252195 0.0210162 0
1096.48 0.163817 6.68046e-11 0.976465 0.00252157 0.0210131 0
1165.91 0.16385 6.67281e-11 0.976468 0.00252125 0.0210104 0
1239.75 0.163879 6.66622e-11 0.976471 0.00252097 0.0210081 0
1318.26 0.163904 6.66062e-11 0.976473 0.00252074 0.0210061 0
1401.74 0.163924 6.65591e-11 0.976475 0.00252054 0.0210045 0
1490.5 0.163941 6.65201e-11 0.976476 0.00252038 0.0210031 0
1584.89 0.163955 6.64887e-11 0.976478 0.00252024 0.021002 0
1685.26 0.163966 6.64641e-11 0.976479 0.00252014 0.0210012 0
1791.98 0.163974 6.64458e-11 0.976479 0.00252007 0.0210006 0
1905.46 0.163979 6.64333e-11 0.97648 0.00252001 0.0210001 0
2026.13 0.163982 6.64264e-11 0.97648 0.00251999 0.0209999 0
2154.43 0.163983 6.64241e-11 0.97648 0.00251998 0.0209998 0
2290.87 0.163982 6.64262e-11 0.97648 0.00251998 0.0209999 0
2435.94 0.16398 6.64322e-11 0.97648 0.00252001 0.0210001 0
2590.2 0.163975 6.64422e-11 0.97648 0.00252005 0.0210004 0
2754.23 0.163969 6.64557e-11 0.976479 0.00252011 0.0210009 0
2928.64 0.163962 6.64732e-11 0.976478 0.00252018 0.0210015 0
3114.11 0.163953 6.64929e-11 0.976478 0.00252026 0.0210022 0
3311.31 0.163943 6.65151e-11 0.976477 0.00252035 0.021003 0
3521.01 0.163932 6.65406e-11 0.976476 0.00252046 0.0210038 0
3743.98 0.16392 6.65681e-11 0.976475 0.00252058 0.0210048 0
3981.07 0.163907 6.65974e-11 0.976473 0.0025207 0.0210058 0
4233.18 0.163894 6.66283e-11 0.976472 0.00252083 0.0210069 0
4501.25 0.163878 6.66656e-11 0.976471 0.00252099 0.0210082 0
4786.3 0.163863 6.66991e-11 0.976469 0.00252113 0.0210094 0
5089.4 0.163845 6.67391e-11 0.976468 0.00252129 0.0210108 0
5411.7 0.163829 6.67758e-11 0.976466 0.00252145 0.0210121 0
5754.4 0.163812 6.68158e-11 0.976465 0.00252162 0.0210135 0
6118.81 0.163791 6.68635e-11 0.976463 0.00252182 0.0210152 0
6506.29 0.163773 6.69048e-11 0.976461 0.002522 0.0210166 0
6918.31 0.163755 6.69466e-11 0.97646 0.00252218 0.0210181 0
7356.42 0.163735 6.69936e-11 0.976458 0.00252238 0.0210198 0
7822.28 0.163714 6.70412e-11 0.976456 0.00252258 0.0210215 0
8317.64 0.163692 6.70924e-11 0.976454 0.0025228 0.0210234 0
8844.37 0.163669 6.71461e-11 0.976452 0.00252303 0.0210253 0
9404.45 0.16365 6.71911e-11 0.97645 0.00252323 0.0210269 0
10000 0.163628 6.7241e-11 0.976448 0.00252344 0.0210287 0
