1 0.0157989 0.000384197 0 0 1 0
1.06333 0.0165543 0.000303953 0 0 1 0
1.13066 0.0173422 0.000240744 0 0 1 0
1.20226 0.0181635 0.000190903 0 0 1 0
1.2784 0.0190194 0.00015156 0 0 1 0
1.35936 0.019911 0.000120472 0 0 1 0
1.44544 0.0208394 9.58802e-05 0 0 1 0
1.53697 0.0218057 7.64057e-05 0 0 1 0
1.63431 0.022811 6.09665e-05 0 0 1 0
1.7378 0.0238564 4.87123e-05 0 0 1 0
1.84785 0.024943 3.89748e-05 0 0 1 0
1.96487 0.0260719 3.1228e-05 0 0 1 0
2.0893 0.0272441 2.50573e-05 0 0 1 0
2.2216 0.0284606 2.01359e-05 0 0 1 0
2.36229 0.0297225 1.6206e-05 0 0 1 0
2.51189 0.0310306 1.30636e-05 0 0 1 0
2.67096 0.0323859 1.05477e-05 0 0 1 0
2.8401 0.0337893 8.53052e-06 0 0 1 0
3.01995 0.0352414 6.91098e-06 0 0 1 0
3.21119 0.036743 5.60882e-06 0 0 1 0
3.41455 0.0382948 4.56031e-06 0 0 1 0
3.63078 0.0398973 3.71475e-06 0 0 1 0
3.86071 0.0415508 3.03182e-06 0 0 1 0
4.10519 0.0432558 2.47936e-06 0 0 1 0
4.36516 0.0450124 2.03172e-06 0 0 1 0
4.64159 0.0468206 1.66841e-06 0 0 1 0
4.93552 0.0486805 1.37304e-06 0 0 1 0
5.24807 0.0505918 1.13248e-06 0 0 1 0
5.58042 0.0525541 9.3621e-07 0 0 1 0
5.93381 0.0545667 7.75785e-07 0 0 1 0
6.30957 0.056629 6.44413e-07 0 0 1 0
6.70914 0.05874 5.36624e-07 0 0 1 0
7.134 0.0608985 4.48012e-07 0 0 1 0
7.58578 0.0631031 3.75018e-07 0 0 1 0
8.06616 0.0653522 3.14767e-07 0 0 1 0
8.57696 0.0676439 2.64929e-07 0 0 1 0
9.12011 0.0699763 2.23618e-07 0 0 1 0
9.69765 0.0723469 1.89299e-07 0 0 1 0
10.3118 0.0747533 1.60727e-07 0 0 1 0
10.9648 0.0771925 1.36884e-07 0 0 1 0
11.6591 0.0796616 1.16943e-07 0 0 1 0
12.3975 0.0821573 1.00226e-07 0 0 1 0
13.1826 0.0846761 8.61786e-08 0 0 1 0
14.0174 0.0872142 7.43464e-08 0 0 1 0
14.905 0.0897677 6.43557e-08 0 0 1 0
15.8489 0.0923326 5.58994e-08 0 0 1 0
16.8526 0.0949045 4.87239e-08 0 0 1 0
17.9198 0.097479 4.26203e-08 0 0 1 0
19.0546 0.100052 3.74152e-08 0 0 1 0
20.2613 0.102617 3.29653e-08 0 0 1 0
21.5443 0.105172 2.91513e-08 0 0 1 0
22.9087 0.10771 2.3102e-08 0 0.107143 0.892857 0
24.3594 0.110228 2.05814e-08 0 0.107143 0.892857 0
25.902 0.11272 1.84047e-08 0 0.107143 0.892857 0
27.5423 0.115181 1.65203e-08 0 0.107143 0.892857 0
29.2864 0.117608 1.48848e-08 0 0.107143 0.892857 0
31.1411 0.119995 1.34618e-08 0 0.107143 0.892857 0
33.1131 0.122339 1.22208e-08 0 0.107143 0.892857 0
35.2101 0.124635 1.11358e-08 0 0.107143 0.892857 0
37.4398 0.126879 1.01851e-08 0 0.107143 0.892857 0
39.8107 0.129068 9.35009e-09 0 0.107143 0.892857 0
42.3318 0.131199 8.61505e-09 0 0.107143 0.892857 0
45.0125 0.133268 7.96661e-09 0 0.107143 0.892857 0
47.863 0.135274 7.39334e-09 0 0.107143 0.892857 0
50.894 0.137213 6.88549e-09 0 0.107143 0.892857 0
54.117 0.139083 6.43472e-09 0 0.107143 0.892857 0
57.544 0.140884 3.86767e-10 0.9359 0.00686782 0.0572318 0
61.1881 0.142614 2.52429e-10 0.955532 0.0047644 0.0397033 0
65.0629 0.144272 1.99389e-10 0.962786 0.00398719 0.0332266 0
69.1831 0.145857 1.68914e-10 0.966703 0.00356749 0.0297291 0
73.5642 0.14737 1.48539e-10 0.969169 0.00330328 0.0275274 0
78.2228 0.14881 1.33739e-10 0.970858 0.00312239 0.0260199 0
83.1764 0.150179 1.22414e-10 0.972076 0.00299185 0.0249321 0
88.4437 0.151477 1.13432e-10 0.972987 0.0028942 0.0241183 0
94.0445 0.152704 1.06123e-10 0.973687 0.00281925 0.0234938 0
100 0.153864 1.0006e-10 0.974234 0.00276061 0.0230051 0
106.333 0.154956 9.49532e-11 0.974669 0.00271406 0.0226171 0
113.066 0.155983 9.06016e-11 0.975018 0.00267666 0.0223055 0
120.226 0.156947 8.68577e-11 0.975301 0.00264634 0.0220528 0
127.84 0.15785 8.36115e-11 0.975532 0.00262158 0.0218465 0
135.936 0.158695 8.07787e-11 0.975722 0.00260122 0.0216769 0
144.544 0.159483 7.82934e-11 0.975879 0.00258441 0.0215367 0
153.697 0.160217 7.61033e-11 0.976009 0.00257045 0.0214204 0
163.431 0.160899 7.4166e-11 0.976118 0.00255883 0.0213236 0
173.78 0.161532 7.2447e-11 0.976208 0.00254911 0.0212426 0
184.785 0.162119 7.09175e-11 0.976284 0.00254096 0.0211747 0
196.487 0.162662 6.95537e-11 0.976348 0.00253411 0.0211176 0
208.93 0.163164 6.83353e-11 0.976402 0.00252834 0.0210695 0
222.16 0.163626 6.72451e-11 0.976448 0.00252346 0.0210289 0
236.229 0.164052 6.62683e-11 0.976486 0.00251933 0.0209944 0
251.189 0.164444 6.53922e-11 0.976519 0.00251583 0.0209652 0
267.096 0.164803 6.46057e-11 0.976547 0.00251285 0.0209404 0
284.01 0.165132 6.38991e-11 0.97657 0.00251031 0.0209192 0
301.995 0.165434 6.3264e-11 0.976591 0.00250814 0.0209012 0
321.119 0.16571 6.26929e-11 0.976608 0.00250629 0.0208857 0
341.455 0.165962 6.21793e-11 0.976623 0.00250469 0.0208725 0
363.078 0.166191 6.17171e-11 0.976636 0.00250333 0.0208611 0
386.071 0.1664 6.13013e-11 0.976647 0.00250215 0.0208512 0
410.519 0.166591 6.09272e-11 0.976656 0.00250113 0.0208428 0
436.516 0.166764 6.05905e-11 0.976664 0.00250026 0.0208355 0
464.159 0.166921 6.02877e-11 0.976671 0.0024995 0.0208291 0
493.552 0.167063 6.00153e-11 0.976678 0.00249884 0.0208236 0
524.807 0.167192 5.97703e-11 0.976683 0.00249826 0.0208188 0
558.042 0.167309 5.95501e-11 0.976688 0.00249776 0.0208147 0
593.381 0.167415 5.93521e-11 0.976692 0.00249733 0.020811 0
630.957 0.16751 5.91742e-11 0.976695 0.00249694 0.0208079 0
670.914 0.167596 5.90144e-11 0.976698 0.00249661 0.0208051 0
713.4 0.167674 5.88709e-11 0.976701 0.00249632 0.0208026 0
758.578 0.167744 5.87421e-11 0.976703 0.00249606 0.0208005 0
806.616 0.167807 5.86266e-11 0.976706 0.00249583 0.0207986 0
857.696 0.167864 5.85229e-11 0.976707 0.00249563 0.020797 0
912.011 0.167915 5.843e-11 0.976709 0.00249546 0.0207955 0
969.765 0.16796 5.83467e-11 0.97671 0.0024953 0.0207942 0
1031.18 0.168002 5.82721e-11 0.976712 0.00249517 0.0207931 0
1096.48 0.168038 5.82052e-11 0.976713 0.00249505 0.020792 0
1165.91 0.168072 5.81454e-11 0.976714 0.00249494 0.0207912 0
1239.75 0.168101 5.80919e-11 0.976715 0.00249484 0.0207904 0
1318.26 0.168128 5.8044e-11 0.976716 0.00249476 0.0207897 0
1401.74 0.168152 5.80012e-11 0.976716 0.00249469 0.020789 0
1490.5 0.168173 5.79629e-11 0.976717 0.00249462 0.0207885 0
1584.89 0.168192 5.79288e-11 0.976717 0.00249456 0.020788 0
1685.26 0.168209 5.78982e-11 0.976718 0.00249451 0.0207876 0
1791.98 0.168224 5.7871e-11 0.976718 0.00249446 0.0207872 0
1905.46 0.168238 5.78467e-11 0.976719 0.00249442 0.0207869 0
2026.13 0.16825 5.7825e-11 0.976719 0.00249439 0.0207865 0
2154.43 0.168261 5.78056e-11 0.976719 0.00249435 0.0207863 0
2290.87 0.16827 5.77884e-11 0.97672 0.00249432 0.020786 0
2435.94 0.168279 5.7773e-11 0.97672 0.0024943 0.0207858 0
2590.2 0.168287 5.77593e-11 0.97672 0.00249428 0.0207856 0
2754.23 0.168294 5.77471e-11 0.97672 0.00249426 0.0207855 0
2928.64 0.1683 5.77362e-11 0.97672 0.00249424 0.0207853 0
3114.11 0.168305 5.77265e-11 0.976721 0.00249422 0.0207852 0
3311.31 0.16831 5.77179e-11 0.976721 0.00249421 0.0207851 0
3521.01 0.168314 5.77103e-11 0.976721 0.0024942 0.020785 0
3743.98 0.168318 5.77035e-11 0.976721 0.00249419 0.0207849 0
3981.07 0.168321 5.76974e-11 0.976721 0.00249418 0.0207848 0
4233.18 0.168325 5.7692e-11 0.976721 0.00249417 0.0207847 0
4501.25 0.168327 5.76872e-11 0.976721 0.00249416 0.0207847 0
4786.3 0.16833 5.7683e-11 0.976721 0.00249415 0.0207846 0
5089.4 0.168332 5.76792e-11 0.976721 0.00249415 0.0207845 0
5411.7 0.168334 5.76758e-11 0.976721 0.00249414 0.0207845 0
5754.4 0.168335 5.76728e-11 0.976721 0.00249414 0.0207845 0
6118.81 0.168337 5.76702e-11 0.976721 0.00249413 0.0207844 0
6506.29 0.168338 5.76678e-11 0.976721 0.00249413 0.0207844 0
6918.31 0.168339 5.76658e-11 0.976722 0.00249412 0.0207844 0
7356.42 0.16834 5.76639e-11 0.976722 0.00249412 0.0207843 0
7822.28 0.168341 5.76623e-11 0.976722 0.00249412 0.0207843 0
8317.64 0.168342 5.76608e-11 0.976722 0.00249412 0.0207843 0
8844.37 0.168343 5.76595e-11 0.976722 0.00249411 0.0207843 0
9404.45 0.168343 5.76584e-11 0.976722 0.00249411 0.0207843 0
10000 0.168344 5.76573e-11 0.976722 0.00249411 0.0207843 0
