1 0.0165612 0.000909959 0 0 1 0
1.35936 0.0208435 0.000287358 0 0 1 0
1.84785 0.0260653 9.38025e-05 0 0 1 0
2.51189 0.0323542 3.17987e-05 0 0 1 0
3.41455 0.0398155 1.12593e-05 0 0 1 0
4.64159 0.0485083 4.1928e-06 0 0 1 0
6.30957 0.0584156 1.65507e-06 0 0 1 0
8.57696 0.0694123 6.98558e-07 0 0 1 0
11.6591 0.0812397 3.18048e-07 0 0 1 0
15.8489 0.0935017 1.57472e-07 0 0 1 0
21.5443 0.105695 7.61717e-08 0 0.107143 0.892857 0
29.2864 0.117278 4.52858e-08 0 0.107143 0.892857 0
39.8107 0.127767 2.95078e-08 0 0.107143 0.892857 0
54.117 0.136821 2.09539e-08 0 0.107143 0.892857 0
73.5642 0.144284 5.97268e-10 0.962826 0.00398295 0.0331912 0
100 0.15018 3.67221e-10 0.972077 0.00299177 0.0249314 0
135.936 0.154659 2.88867e-10 0.974558 0.00272597 0.0227164 0
184.785 0.157943 2.4987e-10 0.975554 0.00261921 0.0218267 0
251.189 0.160274 2.27808e-10 0.976019 0.00256942 0.0214119 0
341.455 0.161879 2.1461e-10 0.976254 0.0025442 0.0212017 0
464.159 0.162954 2.06524e-10 0.97638 0.0025307 0.0210891 0
630.957 0.163656 2.01531e-10 0.97645 0.00252317 0.0210264 0
857.696 0.164104 1.98454e-10 0.976491 0.00251885 0.0209904 0
1165.91 0.164385 1.96567e-10 0.976514 0.00251634 0.0209695 0
1584.89 0.164558 1.95421e-10 0.976528 0.00251486 0.0209571 0
2154.43 0.164663 1.9473e-10 0.976536 0.00251398 0.0209499 0
2928.64 0.164726 1.94316e-10 0.976541 0.00251347 0.0209456 0
3981.07 0.164764 1.9407e-10 0.976544 0.00251316 0.020943 0
5411.7 0.164786 1.93925e-10 0.976545 0.00251298 0.0209415 0
7356.42 0.164799 1.9384e-10 0.976546 0.00251288 0.0209406 0
10000 0.164807 1.93789e-10 0.976547 0.00251282 0.0209401 0
