1 0.0157989 0.00115259 0 0 1 0
1.35936 0.019911 0.000361416 0 0 1 0
1.84785 0.024943 0.000116925 0 0 1 0
2.51189 0.0310306 3.91909e-05 0 0 1 0
3.41455 0.0382948 1.36809e-05 0 0 1 0
4.64159 0.0468206 5.00523e-06 0 0 1 0
6.30957 0.056629 1.93324e-06 0 0 1 0
8.57696 0.0676439 7.94788e-07 0 0 1 0
11.6591 0.0796616 3.50829e-07 0 0 1 0
15.8489 0.0923326 1.67698e-07 0 0 1 0
21.5443 0.105172 8.7454e-08 0 0 1 0
29.2864 0.117608 4.46543e-08 0 0.107143 0.892857 0
39.8107 0.129068 2.80503e-08 0 0.107143 0.892857 0
54.117 0.139083 1.93041e-08 0 0.107143 0.892857 0
73.5642 0.14737 4.45617e-10 0.969169 0.00330328 0.0275274 0
100 0.153864 3.00179e-10 0.974234 0.00276061 0.0230051 0
135.936 0.158695 2.42336e-10 0.975722 0.00260122 0.0216769 0
184.785 0.162119 2.12753e-10 0.976284 0.00254096 0.0211747 0
251.189 0.164444 1.96177e-10 0.976519 0.00251583 0.0209652 0
341.455 0.165962 1.86538e-10 0.976623 0.00250469 0.0208725 0
464.159 0.166921 1.80863e-10 0.976671 0.0024995 0.0208291 0
630.957 0.16751 1.77523e-10 0.976695 0.00249694 0.0208079 0
857.696 0.167864 1.75569e-10 0.976707 0.00249563 0.020797 0
1165.91 0.168072 1.74436e-10 0.976714 0.00249494 0.0207912 0
1584.89 0.168192 1.73786e-10 0.976717 0.00249456 0.020788 0
2154.43 0.168261 1.73417e-10 0.976719 0.00249435 0.0207863 0
2928.64 0.1683 1.73209e-10 0.97672 0.00249424 0.0207853 0
3981.07 0.168321 1.73092e-10 0.976721 0.00249418 0.0207848 0
5411.7 0.168334 1.73027e-10 0.976721 0.00249414 0.0207845 0
7356.42 0.16834 1.72992e-10 0.976722 0.00249412 0.0207843 0
10000 0.168344 1.72972e-10 0.976722 0.00249411 0.0207843 0
