1 0.0157314 0.00117762 0 0 1 0
1.09648 0.0168717 0.000829022 0 0 1 0
1.20226 0.0180859 0.000585134 0 0 1 0
1.31826 0.0193775 0.000414104 0 0 1 0
1.44544 0.0207504 0.000293878 0 0 1 0
1.58489 0.0222081 0.000209157 0 0 1 0
1.7378 0.0237545 0.000149304 0 0 1 0
1.90546 0.0253931 0.00010691 0 0 1 0
2.0893 0.0271277 7.68006e-05 0 0 1 0
2.29087 0.0289615 5.53565e-05 0 0 1 0
2.51189 0.030898 4.00398e-05 0 0 1 0
2.75423 0.0329402 2.90671e-05 0 0 1 0
3.01995 0.0350908 2.1182e-05 0 0 1 0
3.31131 0.0373523 1.54974e-05 0 0 1 0
3.63078 0.0397268 1.13856e-05 0 0 1 0
3.98107 0.0422157 8.40112e-06 0 0 1 0
4.36516 0.04482 6.22714e-06 0 0 1 0
4.7863 0.0475401 4.63764e-06 0 0 1 0
5.24807 0.0503756 3.47098e-06 0 0 1 0
5.7544 0.0533253 2.61126e-06 0 0 1 0
6.30957 0.056387 1.97509e-06 0 0 1 0
6.91831 0.0595578 1.50231e-06 0 0 1 0
7.58578 0.0628334 1.14941e-06 0 0 1 0
8.31764 0.0662087 8.84767e-07 0 0 1 0
9.12011 0.0696773 6.85376e-07 0 0 1 0
10 0.0732315 5.34412e-07 0 0 1 0
10.9648 0.0768626 4.19541e-07 0 0 1 0
12.0226 0.0805606 3.31683e-07 0 0 1 0
13.1826 0.0843142 2.64132e-07 0 0 1 0
14.4544 0.0881112 2.11914e-07 0 0 1 0
15.8489 0.0919381 1.71328e-07 0 0 1 0
17.378 0.0957807 1.39607e-07 0 0 1 0
19.0546 0.099624 1.14675e-07 0 0 1 0
20.893 0.103452 9.49682e-08 0 0 1 0
22.9087 0.10725 7.08059e-08 0 0.107143 0.892857 0
25.1189 0.111001 5.96238e-08 0 0.107143 0.892857 0
27.5423 0.114689 5.06335e-08 0 0.107143 0.892857 0
30.1995 0.118299 4.33649e-08 0 0.107143 0.892857 0
33.1131 0.121816 3.74558e-08 0 0.107143 0.892857 0
36.3078 0.125226 3.26259e-08 0 0.107143 0.892857 0
39.8107 0.128517 2.86574e-08 0 0.107143 0.892857 0
43.6516 0.131676 2.538e-08 0 0.107143 0.892857 0
47.863 0.134696 2.26601e-08 0 0.107143 0.892857 0
52.4807 0.137566 2.03923e-08 0 0.107143 0.892857 0
57.544 0.140282 1.55729e-09 0.915791 0.00902234 0.0751862 0
63.0957 0.142839 7.29179e-10 0.956844 0.00462385 0.0385321 0
69.1831 0.145234 5.38338e-10 0.965377 0.00370965 0.0309137 0
75.8578 0.147466 4.42295e-10 0.969299 0.00328939 0.0274116 0
83.1764 0.149537 3.82352e-10 0.971543 0.00304897 0.0254081 0
91.2011 0.151449 3.40821e-10 0.97297 0.00289605 0.0241337 0
100 0.153206 3.10227e-10 0.973936 0.00279258 0.0232715 0
109.648 0.154813 2.86772e-10 0.974616 0.00271972 0.0226643 0
120.226 0.156277 2.68288e-10 0.975108 0.00266697 0.0222248 0
131.826 0.157603 2.53428e-10 0.975472 0.00262803 0.0219002 0
144.544 0.158801 2.41303e-10 0.975744 0.00259884 0.021657 0
158.489 0.159878 2.31299e-10 0.975951 0.0025767 0.0214725 0
173.78 0.160842 2.22972e-10 0.976109 0.00255975 0.0213312 0
190.546 0.161702 2.15995e-10 0.976231 0.00254667 0.0212222 0
208.93 0.162467 2.1012e-10 0.976326 0.00253651 0.0211376 0
229.087 0.163143 2.05152e-10 0.9764 0.00252856 0.0210714 0
251.189 0.163741 2.00939e-10 0.976458 0.00252232 0.0210193 0
275.423 0.164266 1.97359e-10 0.976504 0.00251738 0.0209782 0
301.995 0.164727 1.94311e-10 0.976541 0.00251346 0.0209455 0
331.131 0.16513 1.91713e-10 0.97657 0.00251033 0.0209194 0
363.078 0.165481 1.89498e-10 0.976594 0.00250782 0.0208985 0
398.107 0.165786 1.87608e-10 0.976613 0.00250579 0.0208816 0
436.516 0.166051 1.85995e-10 0.976628 0.00250415 0.0208679 0
478.63 0.16628 1.84619e-10 0.97664 0.00250282 0.0208568 0
524.807 0.166478 1.83446e-10 0.976651 0.00250173 0.0208478 0
575.44 0.166648 1.82446e-10 0.976659 0.00250084 0.0208403 0
630.957 0.166794 1.81594e-10 0.976666 0.00250011 0.0208342 0
691.831 0.16692 1.80869e-10 0.976671 0.0024995 0.0208292 0
758.578 0.167027 1.80253e-10 0.976676 0.002499 0.020825 0
831.764 0.167119 1.79728e-10 0.97668 0.00249859 0.0208215 0
912.011 0.167197 1.79283e-10 0.976683 0.00249824 0.0208187 0
1000 0.167264 1.78906e-10 0.976686 0.00249795 0.0208163 0
1096.48 0.16732 1.78586e-10 0.976688 0.00249771 0.0208143 0
1202.26 0.167369 1.78315e-10 0.97669 0.00249751 0.0208126 0
1318.26 0.167409 1.78085e-10 0.976691 0.00249735 0.0208112 0
1445.44 0.167444 1.77891e-10 0.976693 0.00249721 0.0208101 0
1584.89 0.167473 1.77727e-10 0.976694 0.00249709 0.0208091 0
1737.8 0.167498 1.77589e-10 0.976695 0.00249699 0.0208083 0
1905.46 0.167519 1.77473e-10 0.976696 0.00249691 0.0208076 0
2089.3 0.167537 1.77374e-10 0.976696 0.00249684 0.020807 0
2290.87 0.167551 1.77292e-10 0.976697 0.00249678 0.0208065 0
2511.89 0.167564 1.77222e-10 0.976697 0.00249673 0.0208061 0
2754.23 0.167574 1.77164e-10 0.976698 0.00249669 0.0208058 0
3019.95 0.167583 1.77114e-10 0.976698 0.00249666 0.0208055 0
3311.31 0.167591 1.77073e-10 0.976698 0.00249663 0.0208053 0
3630.78 0.167597 1.77038e-10 0.976698 0.00249661 0.0208051 0
3981.07 0.167602 1.77009e-10 0.976699 0.00249659 0.0208049 0
4365.16 0.167607 1.76985e-10 0.976699 0.00249657 0.0208047 0
4786.3 0.16761 1.76965e-10 0.976699 0.00249656 0.0208046 0
5248.07 0.167613 1.76948e-10 0.976699 0.00249654 0.0208045 0
5754.4 0.167616 1.76933e-10 0.976699 0.00249653 0.0208045 0
6309.57 0.167618 1.76921e-10 0.976699 0.00249653 0.0208044 0
6918.31 0.16762 1.76911e-10 0.976699 0.00249652 0.0208043 0
7585.78 0.167621 1.76903e-10 0.976699 0.00249651 0.0208043 0
8317.64 0.167623 1.76896e-10 0.976699 0.00249651 0.0208042 0
9120.11 0.167624 1.7689e-10 0.976699 0.0024965 0.0208042 0
10000 0.167625 1.76885e-10 0.976699 0.0024965 0.0208042 0
