100 0.153206 3.10227e-10 0.973936 0.00279258 0.0232715 0
125.893 0.156957 2.60469e-10 0.975303 0.00264607 0.0220506 0
158.489 0.159878 2.31299e-10 0.975951 0.0025767 0.0214725 0
199.526 0.162096 2.12933e-10 0.976281 0.00254127 0.0211773 0
251.189 0.163741 2.00939e-10 0.976458 0.00252232 0.0210193 0
316.228 0.164935 1.9296e-10 0.976556 0.00251181 0.0209317 0
398.107 0.165786 1.87608e-10 0.976613 0.00250579 0.0208816 0
501.187 0.166383 1.84009e-10 0.976646 0.00250225 0.0208521 0
630.957 0.166794 1.81594e-10 0.976666 0.00250011 0.0208342 0
794.328 0.167075 1.7998e-10 0.976678 0.00249878 0.0208232 0
1000 0.167264 1.78906e-10 0.976686 0.00249795 0.0208163 0
1258.93 0.16739 1.78195e-10 0.976691 0.00249743 0.0208119 0
1584.89 0.167473 1.77727e-10 0.976694 0.00249709 0.0208091 0
1995.26 0.167528 1.77421e-10 0.976696 0.00249687 0.0208073 0
2511.89 0.167564 1.77222e-10 0.976697 0.00249673 0.0208061 0
3162.28 0.167587 1.77093e-10 0.976698 0.00249664 0.0208054 0
3981.07 0.167602 1.77009e-10 0.976699 0.00249659 0.0208049 0
5011.87 0.167612 1.76956e-10 0.976699 0.00249655 0.0208046 0
6309.57 0.167618 1.76921e-10 0.976699 0.00249653 0.0208044 0
7943.28 0.167622 1.76899e-10 0.976699 0.00249651 0.0208043 0
10000 0.167625 1.76885e-10 0.976699 0.0024965 0.0208042 0
