1 0.0157991 0.00115253 0 0 1
1.09648 0.0169443 0.000811367 0 0 1
1.20226 0.0181637 0.000572678 0 0 1
1.31826 0.0194609 0.000405291 0 0 1
1.44544 0.0208396 0.000287626 0 0 1
1.58489 0.0223036 0.000204708 0 0 1
1.7378 0.0238567 0.000146129 0 0 1
1.90546 0.0255024 0.000104637 0 0 1
2.0893 0.0272444 7.51679e-05 0 0 1
2.29087 0.0290861 5.41798e-05 0 0 1
2.51189 0.0310309 3.91889e-05 0 0 1
2.75423 0.0330819 2.84494e-05 0 0 1
3.01995 0.0352418 2.07319e-05 0 0 1
3.31131 0.037513 1.51681e-05 0 0 1
3.63078 0.0398977 1.11437e-05 0 0 1
3.98107 0.0423973 8.22264e-06 0 0 1
4.36516 0.0450128 6.09485e-06 0 0 1
4.7863 0.0477446 4.53912e-06 0 0 1
5.24807 0.0505923 3.39725e-06 0 0 1
5.7544 0.0535547 2.55579e-06 0 0 1
6.30957 0.0566296 1.93314e-06 0 0 1
6.91831 0.059814 1.47041e-06 0 0 1
7.58578 0.0631037 1.12499e-06 0 0 1
8.31764 0.0664935 8.65975e-07 0 0 1
9.12011 0.069977 6.70819e-07 0 0 1
10 0.0735466 5.23062e-07 0 0 1
10.9648 0.0771933 4.10631e-07 0 0 1
12.0226 0.0809072 3.24639e-07 0 0 1
13.1826 0.0846769 2.58522e-07 0 0 1
14.4544 0.0884902 2.07414e-07 0 0 1
15.8489 0.0923336 1.67689e-07 0 0 1
17.378 0.0961927 1.36642e-07 0 0 1
19.0546 0.100053 1.1224e-07 0 0 1
20.893 0.103897 9.29514e-08 0 0 1
22.9087 0.107711 6.93022e-08 0 0.107143 0.892857
25.1189 0.111478 5.83576e-08 0 0.107143 0.892857
27.5423 0.115182 4.95582e-08 0 0.107143 0.892857
30.1995 0.118808 4.2444e-08 0 0.107143 0.892857
33.1131 0.12234 3.66604e-08 0 0.107143 0.892857
36.3078 0.125765 3.19331e-08 0 0.107143 0.892857
39.8107 0.12907 2.80488e-08 0 0.107143 0.892857
43.6516 0.132243 2.4841e-08 0 0.107143 0.892857
47.863 0.135275 2.21789e-08 0 0.107143 0.892857
52.4807 0.138158 1.99593e-08 0 0.107143 0.892857
57.544 0.140886 1.15599e-09 0.936135 0.00684267 0.0570222
63.0957 0.143453 6.6246e-10 0.959942 0.00429192 0.035766
69.1831 0.145858 5.05013e-10 0.966815 0.00355551 0.0296293
75.8578 0.148101 4.20387e-10 0.970187 0.0031943 0.0266191
83.1764 0.15018 3.65999e-10 0.972169 0.00298188 0.024849
91.2011 0.152101 3.27688e-10 0.973448 0.00284486 0.0237072
100 0.153865 2.99166e-10 0.97432 0.00275144 0.0229287
109.648 0.155479 2.77142e-10 0.974936 0.00268542 0.0223785
120.226 0.156949 2.59695e-10 0.975383 0.00263756 0.0219797
131.826 0.158281 2.45614e-10 0.975712 0.00260226 0.0216855
144.544 0.159484 2.3409e-10 0.975959 0.00257585 0.0214654
158.489 0.160566 2.24558e-10 0.976145 0.00255588 0.021299
173.78 0.161534 2.1661e-10 0.976287 0.00254067 0.0211722
190.546 0.162398 2.09941e-10 0.976396 0.00252899 0.0210749
208.93 0.163166 2.04317e-10 0.97648 0.00251997 0.0209998
229.087 0.163845 1.99557e-10 0.976546 0.00251297 0.0209414
251.189 0.164445 1.95517e-10 0.976597 0.00250751 0.0208959
275.423 0.164973 1.92081e-10 0.976637 0.00250322 0.0208602
301.995 0.165436 1.89154e-10 0.976668 0.00249985 0.020832
331.131 0.16584 1.86659e-10 0.976693 0.00249717 0.0208098
363.078 0.166193 1.84529e-10 0.976713 0.00249505 0.0207921
398.107 0.1665 1.82712e-10 0.976729 0.00249335 0.0207779
436.516 0.166765 1.81161e-10 0.976741 0.00249199 0.0207666
478.63 0.166995 1.79838e-10 0.976752 0.00249089 0.0207574
524.807 0.167194 1.78709e-10 0.97676 0.00249 0.02075
575.44 0.167365 1.77746e-10 0.976767 0.00248928 0.020744
630.957 0.167512 1.76926e-10 0.976772 0.00248869 0.0207391
691.831 0.167638 1.76228e-10 0.976777 0.00248821 0.020735
758.578 0.167746 1.75635e-10 0.97678 0.00248781 0.0207317
831.764 0.167838 1.7513e-10 0.976784 0.00248748 0.020729
912.011 0.167916 1.74701e-10 0.976786 0.00248721 0.0207267
1000 0.167983 1.74338e-10 0.976788 0.00248698 0.0207249
1096.48 0.16804 1.74029e-10 0.97679 0.0024868 0.0207233
1202.26 0.168089 1.73768e-10 0.976791 0.00248664 0.020722
1318.26 0.16813 1.73547e-10 0.976793 0.00248651 0.0207209
1445.44 0.168164 1.73361e-10 0.976794 0.00248641 0.02072
1584.89 0.168194 1.73203e-10 0.976794 0.00248632 0.0207193
1737.8 0.168219 1.7307e-10 0.976795 0.00248624 0.0207187
1905.46 0.16824 1.72957e-10 0.976796 0.00248618 0.0207181
2089.3 0.168257 1.72863e-10 0.976796 0.00248612 0.0207177
2290.87 0.168272 1.72783e-10 0.976797 0.00248608 0.0207173
2511.89 0.168285 1.72716e-10 0.976797 0.00248604 0.020717
2754.23 0.168295 1.7266e-10 0.976797 0.00248601 0.0207168
3019.95 0.168304 1.72612e-10 0.976797 0.00248599 0.0207166
3311.31 0.168312 1.72572e-10 0.976798 0.00248596 0.0207164
3630.78 0.168318 1.72539e-10 0.976798 0.00248595 0.0207162
3981.07 0.168323 1.72511e-10 0.976798 0.00248593 0.0207161
4365.16 0.168328 1.72488e-10 0.976798 0.00248592 0.020716
4786.3 0.168331 1.72468e-10 0.976798 0.00248591 0.0207159
5248.07 0.168334 1.72451e-10 0.976798 0.0024859 0.0207158
5754.4 0.168337 1.72438e-10 0.976798 0.00248589 0.0207158
6309.57 0.168339 1.72426e-10 0.976798 0.00248589 0.0207157
6918.31 0.168341 1.72416e-10 0.976798 0.00248588 0.0207157
7585.78 0.168343 1.72408e-10 0.976798 0.00248588 0.0207156
8317.64 0.168344 1.72402e-10 0.976799 0.00248587 0.0207156
9120.11 0.168345 1.72396e-10 0.976799 0.00248587 0.0207156
10000 0.168346 1.72391e-10 0.976799 0.00248587 0.0207156
