1 0.0675201 4.01051e-07 0 0 1 0
1.06333 0.0706884 3.18867e-07 0 0 1 0
1.13066 0.0739882 2.53817e-07 0 0 1 0
1.20226 0.0774244 2.02269e-07 0 0 1 0
1.2784 0.0810008 1.61384e-07 0 0 1 0
1.35936 0.0847218 1.2892e-07 0 0 1 0
1.44544 0.0885912 1.03117e-07 0 0 1 0
1.53697 0.0926134 8.25854e-08 0 0 1 0
1.63431 0.0967923 6.62307e-08 0 0 1 0
1.7378 0.101132 5.31879e-08 0 0 1 0
1.84785 0.105636 4.27742e-08 0 0 1 0
1.96487 0.110309 3.07586e-08 0 0.107143 0.892857 0
2.0893 0.115154 2.48097e-08 0 0.107143 0.892857 0
2.2216 0.120175 2.00424e-08 0 0.107143 0.892857 0
2.36229 0.125374 1.6217e-08 0 0.107143 0.892857 0
2.51189 0.130755 1.31433e-08 0 0.107143 0.892857 0
2.67096 0.136322 1.06703e-08 0 0.107143 0.892857 0
2.8401 0.142075 4.19239e-10 0.951687 0.00517635 0.0431362 0
3.01995 0.148019 2.12148e-10 0.969992 0.0032151 0.0267925 0
3.21119 0.154154 1.47976e-10 0.974357 0.0027475 0.0228958 0
3.41455 0.160482 1.13009e-10 0.976053 0.00256578 0.0213815 0
3.63078 0.167004 9.01913e-11 0.976675 0.0024991 0.0208259 0
3.86071 0.173722 7.39039e-11 0.976721 0.00249414 0.0207845 0
4.10519 0.180634 6.1641e-11 0.976401 0.00252845 0.0210704 0
4.36516 0.187741 5.20789e-11 0.975818 0.00259088 0.0215906 0
4.64159 0.195042 4.44365e-11 0.975031 0.00267528 0.022294 0
4.93552 0.202535 3.82162e-11 0.974072 0.00277804 0.0231503 0
5.24807 0.210218 3.30819e-11 0.972962 0.00289689 0.0241407 0
5.58042 0.218088 2.87967e-11 0.971717 0.00303037 0.0252531 0
5.93381 0.226141 2.5188e-11 0.970343 0.00317753 0.0264794 0
6.30957 0.234374 2.21261e-11 0.968848 0.00333772 0.0278143 0
6.70914 0.242781 1.95117e-11 0.967236 0.00351046 0.0292539 0
7.134 0.251355 1.72673e-11 0.965509 0.00369544 0.0307953 0
7.58578 0.260092 1.53314e-11 0.963671 0.00389237 0.0324364 0
8.06616 0.268982 1.36546e-11 0.961724 0.00410105 0.0341754 0
8.57696 0.278018 1.21968e-11 0.959668 0.00432124 0.0360104 0
9.12011 0.28719 1.0925e-11 0.957508 0.00455275 0.0379396 0
9.69765 0.29649 9.81226e-12 0.955244 0.00479534 0.0399612 0
10.3118 0.305905 8.83578e-12 0.952878 0.00504874 0.0420729 0
10.9648 0.315426 7.97667e-12 0.950415 0.00531267 0.0442722 0
11.6591 0.32504 7.21895e-12 0.947857 0.00558678 0.0465565 0
12.3975 0.334734 6.54911e-12 0.945207 0.00587069 0.0489225 0
13.1826 0.344497 5.95565e-12 0.942469 0.00616399 0.0513666 0
14.0174 0.354314 5.42875e-12 0.939649 0.0064662 0.053885 0
14.905 0.364173 4.96e-12 0.93675 0.00677682 0.0564735 0
15.8489 0.374059 4.54215e-12 0.933777 0.00709529 0.0591274 0
16.8526 0.38396 4.16896e-12 0.930737 0.00742104 0.061842 0
17.9198 0.393862 3.83502e-12 0.927634 0.00775347 0.0646123 0
19.0546 0.403753 3.53564e-12 0.924475 0.00809196 0.067433 0
20.2613 0.41362 3.26674e-12 0.921265 0.00843589 0.0702991 0
21.5443 0.423453 3.02474e-12 0.91801 0.00878465 0.0732055 0
22.9087 0.433243 2.80653e-12 0.914715 0.00913768 0.0761473 0
24.3594 0.442981 2.60936e-12 0.911385 0.00949444 0.0791203 0
25.902 0.452662 2.43082e-12 0.908025 0.00985446 0.0821205 0
27.5423 0.462283 2.26877e-12 0.904638 0.0102174 0.0851449 0
29.2864 0.471844 2.12131e-12 0.901225 0.010583 0.0881916 0
31.1411 0.48135 1.98676e-12 0.897789 0.0109512 0.0912598 0
33.1131 0.490809 1.86361e-12 0.894327 0.0113221 0.0943507 0
35.2101 0.500236 1.73662e-12 0.883789 0.0116036 0.0966967 0.00791048
37.4398 0.48855 1.8921e-12 0.895158 0.0112331 0.0936093 0
39.8107 0.519083 1.52647e-12 0.870597 0.012271 0.102259 0.0148737
42.3318 0.528582 1.4345e-12 0.865087 0.0126262 0.105218 0.0170682
45.0125 0.531756 1.40547e-12 0.863327 0.0127466 0.106222 0.0177044
47.863 0.53755 1.3545e-12 0.860194 0.0129683 0.10807 0.0187686
50.894 0.543617 1.30375e-12 0.857003 0.013203 0.110025 0.0197695
54.117 0.54967 1.25561e-12 0.853895 0.0134393 0.111994 0.0206718
57.544 0.555608 1.21064e-12 0.850906 0.0136731 0.113943 0.0214779
61.1881 0.561385 1.1689e-12 0.848047 0.0139025 0.115854 0.0221971
65.0629 0.566975 1.13029e-12 0.845318 0.014126 0.117716 0.0228395
69.1831 0.572363 1.09463e-12 0.84272 0.0143428 0.119523 0.0234143
73.5642 0.57754 1.06173e-12 0.840248 0.0145524 0.12127 0.0239298
78.2228 0.582502 1.03139e-12 0.837899 0.0147544 0.122953 0.0243931
83.1764 0.587247 1.00342e-12 0.83567 0.0149485 0.124571 0.0248101
88.4437 0.591775 9.77637e-13 0.833557 0.0151347 0.126122 0.0251863
94.0445 0.596088 9.5387e-13 0.831555 0.0153127 0.127606 0.0255262
100 0.600187 9.31961e-13 0.829662 0.0154826 0.129021 0.0258337
106.333 0.604078 9.11765e-13 0.827873 0.0156444 0.13037 0.0261123
113.066 0.607764 8.93146e-13 0.826185 0.0157982 0.131652 0.026365
120.226 0.61125 8.75983e-13 0.824594 0.0159441 0.132868 0.0265945
127.84 0.614542 8.60161e-13 0.823095 0.0160823 0.134019 0.0268031
135.936 0.617646 8.45578e-13 0.821686 0.016213 0.135108 0.0269928
144.544 0.620568 8.32138e-13 0.820363 0.0163362 0.136135 0.0271654
153.697 0.623314 8.19753e-13 0.819122 0.0164524 0.137103 0.0273227
163.431 0.625891 8.08344e-13 0.817959 0.0165616 0.138013 0.027466
173.78 0.628306 7.97836e-13 0.816872 0.0166641 0.138867 0.0275967
184.785 0.630566 7.88161e-13 0.815856 0.0167602 0.139668 0.0277158
196.487 0.632677 7.79257e-13 0.814908 0.0168501 0.140417 0.0278245
208.93 0.634646 7.71066e-13 0.814025 0.0169341 0.141118 0.0279237
222.16 0.636481 7.63534e-13 0.813203 0.0170125 0.141771 0.0280141
236.229 0.638187 7.56613e-13 0.812439 0.0170854 0.142379 0.0280967
251.189 0.639772 7.50256e-13 0.811731 0.0171533 0.142944 0.028172
267.096 0.641242 7.44422e-13 0.811074 0.0172163 0.143469 0.0282406
284.01 0.642602 7.39071e-13 0.810467 0.0172747 0.143955 0.0283032
301.995 0.643861 7.34167e-13 0.809905 0.0173287 0.144406 0.0283603
321.119 0.645022 7.29676e-13 0.809387 0.0173786 0.144822 0.0284123
341.455 0.646093 7.25568e-13 0.80891 0.0174246 0.145205 0.0284596
363.078 0.647078 7.21813e-13 0.808471 0.0174671 0.145559 0.0285027
386.071 0.647984 7.18384e-13 0.808068 0.017506 0.145884 0.0285419
410.519 0.648814 7.15256e-13 0.807699 0.0175418 0.146182 0.0285775
436.516 0.649575 7.12406e-13 0.80736 0.0175746 0.146455 0.0286099
464.159 0.650271 7.09813e-13 0.807051 0.0176046 0.146705 0.0286392
493.552 0.650906 7.07457e-13 0.806768 0.017632 0.146934 0.0286658
524.807 0.651484 7.05319e-13 0.806511 0.017657 0.147142 0.0286899
558.042 0.65201 7.03382e-13 0.806278 0.0176797 0.147331 0.0287116
593.381 0.652488 7.01631e-13 0.806066 0.0177003 0.147503 0.0287313
630.957 0.65292 7.00049e-13 0.805874 0.017719 0.147658 0.0287489
670.914 0.65331 6.98624e-13 0.8057 0.0177359 0.147799 0.0287648
713.4 0.653662 6.97344e-13 0.805544 0.0177511 0.147926 0.0287791
758.578 0.653978 6.96196e-13 0.805404 0.0177648 0.14804 0.0287919
806.616 0.654261 6.95169e-13 0.805278 0.017777 0.148142 0.0288033
857.696 0.654514 6.94255e-13 0.805166 0.0177879 0.148233 0.0288135
912.011 0.654739 6.93442e-13 0.805066 0.0177977 0.148314 0.0288225
969.765 0.654938 6.92724e-13 0.804978 0.0178063 0.148386 0.0288304
1031.18 0.655113 6.92093e-13 0.8049 0.0178139 0.148449 0.0288374
1096.48 0.655267 6.9154e-13 0.804832 0.0178205 0.148504 0.0288435
1165.91 0.6554 6.9106e-13 0.804773 0.0178263 0.148552 0.0288488
1239.75 0.655515 6.90647e-13 0.804721 0.0178313 0.148594 0.0288534
1318.26 0.655614 6.90294e-13 0.804678 0.0178355 0.148629 0.0288573
1401.74 0.655696 6.89999e-13 0.804641 0.0178391 0.148659 0.0288606
1490.5 0.655765 6.89753e-13 0.804611 0.017842 0.148684 0.0288633
1584.89 0.65582 6.89555e-13 0.804586 0.0178444 0.148704 0.0288655
1685.26 0.655863 6.894e-13 0.804567 0.0178463 0.148719 0.0288672
1791.98 0.655895 6.89285e-13 0.804553 0.0178477 0.148731 0.0288684
1905.46 0.655917 6.89206e-13 0.804543 0.0178487 0.148739 0.0288693
2026.13 0.655929 6.89162e-13 0.804538 0.0178492 0.148743 0.0288698
2154.43 0.655933 6.89148e-13 0.804536 0.0178494 0.148745 0.02887
2290.87 0.65593 6.89161e-13 0.804538 0.0178492 0.148743 0.0288698
2435.94 0.655919 6.89199e-13 0.804542 0.0178487 0.14874 0.0288694
2590.2 0.655902 6.89262e-13 0.80455 0.017848 0.148733 0.0288687
2754.23 0.655878 6.89347e-13 0.804561 0.017847 0.148725 0.0288678
2928.64 0.655847 6.89457e-13 0.804574 0.0178456 0.148714 0.0288665
3114.11 0.655813 6.8958e-13 0.80459 0.0178441 0.148701 0.0288652
3311.31 0.655774 6.8972e-13 0.804607 0.0178424 0.148687 0.0288636
3521.01 0.655729 6.89881e-13 0.804627 0.0178405 0.148671 0.0288619
3743.98 0.655681 6.90053e-13 0.804648 0.0178384 0.148654 0.02886
3981.07 0.655629 6.90237e-13 0.804671 0.0178362 0.148635 0.0288579
4233.18 0.655575 6.90432e-13 0.804695 0.0178339 0.148615 0.0288558
4501.25 0.65551 6.90666e-13 0.804724 0.017831 0.148592 0.0288532
4786.3 0.655452 6.90876e-13 0.80475 0.0178285 0.148571 0.0288509
5089.4 0.655382 6.91127e-13 0.804781 0.0178255 0.148546 0.0288481
5411.7 0.655318 6.91357e-13 0.804809 0.0178227 0.148523 0.0288456
5754.4 0.655248 6.91608e-13 0.80484 0.0178197 0.148497 0.0288428
6118.81 0.655165 6.91906e-13 0.804877 0.0178161 0.148468 0.0288395
6506.29 0.655093 6.92164e-13 0.804909 0.017813 0.148442 0.0288366
6918.31 0.655021 6.92426e-13 0.804941 0.0178099 0.148415 0.0288337
7356.42 0.654939 6.92719e-13 0.804977 0.0178063 0.148386 0.0288305
7822.28 0.654857 6.93017e-13 0.805014 0.0178028 0.148356 0.0288272
8317.64 0.654768 6.93337e-13 0.805053 0.0177989 0.148324 0.0288236
8844.37 0.654676 6.93671e-13 0.805094 0.0177949 0.148291 0.0288199
9404.45 0.654598 6.93952e-13 0.805129 0.0177916 0.148263 0.0288168
10000 0.654512 6.94262e-13 0.805167 0.0177879 0.148232 0.0288134
