100 0.148469 4.10805e-10 0.970502 0.00316054 0.0263378 0
125.893 0.152092 3.28934e-10 0.973355 0.00285481 0.0237901 0
158.489 0.154938 2.85096e-10 0.974662 0.00271475 0.0226229 0
199.526 0.157123 2.5862e-10 0.975348 0.00264126 0.0220105 0
251.189 0.158764 2.41659e-10 0.975737 0.00259966 0.0216638 0
316.228 0.159973 2.30452e-10 0.975967 0.00257491 0.0214576 0
398.107 0.160847 2.22927e-10 0.97611 0.00255966 0.0213305 0
501.187 0.16147 2.17836e-10 0.9762 0.00255002 0.0212501 0
630.957 0.161908 2.14385e-10 0.976258 0.00254381 0.0211984 0
794.328 0.162212 2.12048e-10 0.976296 0.00253975 0.0211646 0
1000 0.16242 2.10469e-10 0.976321 0.00253709 0.0211424 0
1258.93 0.162562 2.09406e-10 0.976337 0.00253533 0.0211277 0
1584.89 0.162658 2.08693e-10 0.976348 0.00253416 0.021118 0
1995.26 0.162722 2.08217e-10 0.976355 0.00253339 0.0211116 0
2511.89 0.162766 2.079e-10 0.97636 0.00253288 0.0211074 0
3162.28 0.162794 2.0769e-10 0.976363 0.00253255 0.0211046 0
3981.07 0.162814 2.07547e-10 0.976365 0.00253232 0.0211026 0
5011.87 0.162826 2.07457e-10 0.976366 0.00253217 0.0211014 0
6309.57 0.162837 2.07378e-10 0.976368 0.00253205 0.0211004 0
7943.28 0.162833 2.07401e-10 0.976367 0.00253208 0.0211007 0
10000 0.162828 2.07442e-10 0.976367 0.00253215 0.0211013 0
