1 0.0631956 5.58421e-07 0 0 1 0
1.06333 0.0662174 4.42095e-07 0 0 1 0
1.13066 0.0693687 3.50378e-07 0 0 1 0
1.20226 0.0726541 2.77997e-07 0 0 1 0
1.2784 0.0760777 2.20819e-07 0 0 1 0
1.35936 0.0796441 1.75607e-07 0 0 1 0
1.44544 0.0833576 1.3982e-07 0 0 1 0
1.53697 0.0872228 1.11464e-07 0 0 1 0
1.63431 0.091244 8.89722e-08 0 0 1 0
1.7378 0.0954257 7.11117e-08 0 0 1 0
1.84785 0.0997721 5.69132e-08 0 0 1 0
1.96487 0.104288 4.56129e-08 0 0 1 0
2.0893 0.108976 3.26862e-08 0 0.107143 0.892857 0
2.2216 0.113842 2.62723e-08 0 0.107143 0.892857 0
2.36229 0.11889 2.11489e-08 0 0.107143 0.892857 0
2.51189 0.124122 1.70512e-08 0 0.107143 0.892857 0
2.67096 0.129544 1.37696e-08 0 0.107143 0.892857 0
2.8401 0.135157 1.1138e-08 0 0.107143 0.892857 0
3.01995 0.140966 5.63245e-10 0.937588 0.006687 0.055725 0
3.21119 0.146972 2.29979e-10 0.968604 0.00336384 0.028032 0
3.41455 0.153179 1.55326e-10 0.973923 0.00279396 0.023283 0
3.63078 0.159589 1.16953e-10 0.975899 0.00258229 0.0215191 0
3.86071 0.166203 9.25396e-11 0.976636 0.00250326 0.0208605 0
4.10519 0.173023 7.53609e-11 0.976736 0.00249259 0.0207715 0
4.36516 0.180049 6.25479e-11 0.976439 0.0025244 0.0210366 0
4.64159 0.187283 5.26243e-11 0.975862 0.00258619 0.0215516 0
4.93552 0.194722 4.47348e-11 0.975068 0.00267123 0.0222603 0
5.24807 0.202367 3.83409e-11 0.974095 0.00277559 0.0231299 0
5.58042 0.210216 3.30828e-11 0.972963 0.00289686 0.0241405 0
5.93381 0.218267 2.87088e-11 0.971687 0.00303353 0.0252794 0
6.30957 0.226516 2.50361e-11 0.970277 0.00318462 0.0265385 0
6.70914 0.23496 2.19285e-11 0.968738 0.00334947 0.0279122 0
7.134 0.243594 1.92821e-11 0.967075 0.00352764 0.029397 0
7.58578 0.252412 1.70158e-11 0.965291 0.00371882 0.0309901 0
8.06616 0.261409 1.50658e-11 0.963387 0.00392277 0.0326898 0
8.57696 0.270576 1.33808e-11 0.961366 0.00413931 0.0344942 0
9.12011 0.279905 1.19193e-11 0.95923 0.00436824 0.036402 0
9.69765 0.289388 1.06473e-11 0.956979 0.00460937 0.0384114 0
10.3118 0.299013 9.53685e-12 0.954617 0.0048625 0.0405208 0
10.9648 0.30877 8.56473e-12 0.952145 0.00512736 0.042728 0
11.6591 0.318646 7.71148e-12 0.949566 0.00540365 0.0450304 0
12.3975 0.328629 6.96074e-12 0.946884 0.00569103 0.0474253 0
13.1826 0.338704 6.2987e-12 0.944102 0.00598908 0.049909 0
14.0174 0.348857 5.71365e-12 0.941225 0.00629732 0.0524776 0
14.905 0.359071 5.19559e-12 0.938258 0.0066152 0.0551266 0
15.8489 0.36933 4.73596e-12 0.935207 0.0069421 0.0578509 0
16.8526 0.379618 4.32745e-12 0.932078 0.00727736 0.0606447 0
17.9198 0.389916 3.96373e-12 0.928878 0.00762021 0.0635018 0
19.0546 0.400206 3.63935e-12 0.925615 0.00796985 0.0664155 0
20.2613 0.41047 3.34959e-12 0.922296 0.00832541 0.0693784 0
21.5443 0.420688 3.09036e-12 0.918931 0.00868597 0.0723831 0
22.9087 0.430841 2.85811e-12 0.915528 0.00905055 0.0754213 0
24.3594 0.440911 2.64972e-12 0.912097 0.00941815 0.0784846 0
25.902 0.450879 2.46249e-12 0.908648 0.00978775 0.0815645 0
27.5423 0.460725 2.29404e-12 0.905189 0.0101583 0.0846522 0
29.2864 0.470432 2.1423e-12 0.901733 0.0105287 0.0877388 0
31.1411 0.479981 2.00545e-12 0.898287 0.0108979 0.0908154 0
33.1131 0.489355 1.88188e-12 0.894862 0.0112648 0.0938733 0
35.2101 0.498539 1.75807e-12 0.885369 0.0115489 0.0962407 0.00684177
37.4398 0.507516 1.65027e-12 0.878096 0.0118526 0.0987716 0.0112799
39.8107 0.516273 1.55525e-12 0.872317 0.0121677 0.101397 0.0141177
42.3318 0.524796 1.47021e-12 0.867235 0.0124837 0.104031 0.0162512
45.0125 0.533074 1.39366e-12 0.862606 0.0127968 0.10664 0.0179569
47.863 0.541095 1.32454e-12 0.858319 0.0131051 0.10921 0.0193661
50.894 0.548851 1.26199e-12 0.854312 0.0134072 0.111726 0.0205547
54.117 0.556333 1.20529e-12 0.850545 0.0137018 0.114182 0.0215715
57.544 0.563537 1.15384e-12 0.846992 0.0139883 0.116569 0.0224502
61.1881 0.570455 1.10708e-12 0.843636 0.0142659 0.118882 0.0232155
65.0629 0.577086 1.06456e-12 0.840463 0.014534 0.121117 0.023886
69.1831 0.583428 1.02585e-12 0.837463 0.0147922 0.123268 0.0244763
73.5642 0.589479 9.90603e-13 0.834627 0.0150402 0.125335 0.0249981
78.2228 0.595241 9.58477e-13 0.831948 0.0152777 0.127314 0.0254609
83.1764 0.600716 9.29186e-13 0.829419 0.0155045 0.129204 0.0258723
88.4437 0.605906 9.02467e-13 0.827035 0.0157206 0.131005 0.026239
94.0445 0.610817 8.78089e-13 0.824791 0.015926 0.132717 0.0265665
100 0.615455 8.55841e-13 0.822681 0.0161207 0.134339 0.0268595
106.333 0.619824 8.35533e-13 0.820699 0.0163048 0.135874 0.027122
113.066 0.623933 8.16994e-13 0.818842 0.0164786 0.137321 0.0273575
120.226 0.627789 8.0007e-13 0.817104 0.0166421 0.138684 0.027569
127.84 0.631402 7.84621e-13 0.81548 0.0167958 0.139965 0.0277592
135.936 0.634779 7.70519e-13 0.813965 0.0169398 0.141165 0.0279303
144.544 0.63793 7.5765e-13 0.812554 0.0170744 0.142287 0.0280843
153.697 0.640866 7.45907e-13 0.811242 0.0172002 0.143335 0.0282232
163.431 0.643596 7.35196e-13 0.810023 0.0173173 0.144311 0.0283484
173.78 0.646129 7.25427e-13 0.808894 0.0174262 0.145219 0.0284613
184.785 0.648477 7.16523e-13 0.807849 0.0175273 0.146061 0.0285631
196.487 0.650649 7.08408e-13 0.806883 0.017621 0.146841 0.0286551
208.93 0.652655 7.01017e-13 0.805991 0.0177076 0.147563 0.0287381
222.16 0.654505 6.94288e-13 0.80517 0.0177875 0.14823 0.0288131
236.229 0.656208 6.88164e-13 0.804414 0.0178613 0.148844 0.0288808
251.189 0.657774 6.82595e-13 0.80372 0.0179291 0.149409 0.0289419
267.096 0.659212 6.77532e-13 0.803083 0.0179914 0.149929 0.0289972
284.01 0.660529 6.72932e-13 0.802499 0.0180486 0.150405 0.029047
301.995 0.661736 6.68756e-13 0.801965 0.018101 0.150842 0.0290921
321.119 0.662839 6.64967e-13 0.801477 0.0181489 0.151241 0.0291327
341.455 0.663846 6.6153e-13 0.801032 0.0181927 0.151606 0.0291694
363.078 0.664765 6.58415e-13 0.800625 0.0182327 0.151939 0.0292025
386.071 0.665601 6.55594e-13 0.800256 0.0182691 0.152243 0.0292324
410.519 0.666363 6.53041e-13 0.799919 0.0183023 0.152519 0.0292593
436.516 0.667055 6.50731e-13 0.799614 0.0183324 0.15277 0.0292836
464.159 0.667683 6.48643e-13 0.799336 0.0183598 0.152999 0.0293055
493.552 0.668253 6.46757e-13 0.799084 0.0183847 0.153206 0.0293253
524.807 0.668769 6.45054e-13 0.798857 0.0184072 0.153393 0.029343
558.042 0.669236 6.43517e-13 0.79865 0.0184276 0.153563 0.029359
593.381 0.669658 6.42132e-13 0.798464 0.018446 0.153717 0.0293734
630.957 0.67004 6.40883e-13 0.798296 0.0184627 0.153855 0.0293864
670.914 0.670384 6.39759e-13 0.798143 0.0184777 0.153981 0.029398
713.4 0.670695 6.38747e-13 0.798006 0.0184913 0.154094 0.0294085
758.578 0.670975 6.37837e-13 0.797883 0.0185035 0.154196 0.0294179
806.616 0.671227 6.37019e-13 0.797772 0.0185145 0.154288 0.0294263
857.696 0.671454 6.36284e-13 0.797672 0.0185244 0.15437 0.0294339
912.011 0.671658 6.35624e-13 0.797582 0.0185333 0.154444 0.0294407
969.765 0.671842 6.35031e-13 0.797501 0.0185413 0.154511 0.0294467
1031.18 0.672006 6.345e-13 0.797428 0.0185485 0.154571 0.0294522
1096.48 0.672154 6.34024e-13 0.797363 0.018555 0.154625 0.0294571
1165.91 0.672286 6.33597e-13 0.797305 0.0185608 0.154673 0.0294615
1239.75 0.672405 6.33215e-13 0.797252 0.018566 0.154716 0.0294654
1318.26 0.672511 6.32873e-13 0.797205 0.0185706 0.154755 0.0294689
1401.74 0.672607 6.32566e-13 0.797163 0.0185748 0.15479 0.029472
1490.5 0.672692 6.32293e-13 0.797126 0.0185785 0.154821 0.0294748
1584.89 0.672768 6.32048e-13 0.797092 0.0185818 0.154849 0.0294773
1685.26 0.672836 6.31829e-13 0.797062 0.0185848 0.154873 0.0294796
1791.98 0.672897 6.31634e-13 0.797035 0.0185875 0.154896 0.0294816
1905.46 0.672951 6.3146e-13 0.797011 0.0185899 0.154915 0.0294833
2026.13 0.673 6.31304e-13 0.79699 0.018592 0.154933 0.0294849
2154.43 0.673043 6.31165e-13 0.796971 0.0185939 0.154949 0.0294863
2290.87 0.673082 6.31042e-13 0.796954 0.0185956 0.154963 0.0294876
2435.94 0.673116 6.30931e-13 0.796939 0.0185971 0.154976 0.0294887
2590.2 0.673147 6.30833e-13 0.796925 0.0185984 0.154987 0.0294897
2754.23 0.673174 6.30745e-13 0.796913 0.0185996 0.154997 0.0294906
2928.64 0.673199 6.30667e-13 0.796902 0.0186007 0.155006 0.0294914
3114.11 0.67322 6.30598e-13 0.796893 0.0186016 0.155014 0.0294921
3311.31 0.67324 6.30536e-13 0.796884 0.0186025 0.155021 0.0294928
3521.01 0.673257 6.30481e-13 0.796877 0.0186032 0.155027 0.0294933
3743.98 0.673272 6.30432e-13 0.79687 0.0186039 0.155032 0.0294938
3981.07 0.673286 6.30388e-13 0.796864 0.0186045 0.155037 0.0294943
4233.18 0.673298 6.3035e-13 0.796859 0.018605 0.155042 0.0294947
4501.25 0.673309 6.30315e-13 0.796854 0.0186055 0.155046 0.029495
4786.3 0.673318 6.30285e-13 0.79685 0.0186059 0.155049 0.0294953
5089.4 0.673327 6.30257e-13 0.796846 0.0186063 0.155052 0.0294956
5411.7 0.673334 6.30233e-13 0.796843 0.0186066 0.155055 0.0294959
5754.4 0.673341 6.30212e-13 0.79684 0.0186069 0.155057 0.0294961
6118.81 0.673347 6.30193e-13 0.796837 0.0186072 0.15506 0.0294963
6506.29 0.673352 6.30176e-13 0.796835 0.0186074 0.155062 0.0294965
6918.31 0.673357 6.30161e-13 0.796833 0.0186076 0.155063 0.0294966
7356.42 0.673361 6.30148e-13 0.796831 0.0186078 0.155065 0.0294967
7822.28 0.673365 6.30136e-13 0.796829 0.0186079 0.155066 0.0294969
8317.64 0.673368 6.30125e-13 0.796828 0.0186081 0.155067 0.029497
8844.37 0.673371 6.30116e-13 0.796826 0.0186082 0.155068 0.0294971
9404.45 0.673374 6.30108e-13 0.796825 0.0186083 0.155069 0.0294971
10000 0.673376 6.301e-13 0.796824 0.0186084 0.15507 0.0294972
