1 0.0155936 0.00123075 0 0 1 0
1.09648 0.0167221 0.000866896 0 0 1 0
1.20226 0.0179234 0.000612219 0 0 1 0
1.31826 0.019201 0.000433542 0 0 1 0
1.44544 0.0205585 0.000307879 0 0 1 0
1.58489 0.0219995 0.00021928 0 0 1 0
1.7378 0.0235277 0.000156652 0 0 1 0
1.90546 0.0251464 0.000112265 0 0 1 0
2.0893 0.0268593 8.07194e-05 0 0 1 0
2.29087 0.0286695 5.82367e-05 0 0 1 0
2.51189 0.0305802 4.21662e-05 0 0 1 0
2.75423 0.0325942 3.06441e-05 0 0 1 0
3.01995 0.0347142 2.23571e-05 0 0 1 0
3.31131 0.0369423 1.63773e-05 0 0 1 0
3.63078 0.0392804 1.20478e-05 0 0 1 0
3.98107 0.0417297 8.90206e-06 0 0 1 0
4.36516 0.0442911 6.6081e-06 0 0 1 0
4.7863 0.0469646 4.92894e-06 0 0 1 0
5.24807 0.0497497 3.69498e-06 0 0 1 0
5.7544 0.0526448 2.78449e-06 0 0 1 0
6.30957 0.0556478 2.10984e-06 0 0 1 0
6.91831 0.0587554 1.60776e-06 0 0 1 0
7.58578 0.0619633 1.23243e-06 0 0 1 0
8.31764 0.0652662 9.50533e-07 0 0 1 0
9.12011 0.0686578 7.37801e-07 0 0 1 0
10 0.0721306 5.76467e-07 0 0 1 0
10.9648 0.0756758 4.53493e-07 0 0 1 0
12.0226 0.0792837 3.5927e-07 0 0 1 0
13.1826 0.0829436 2.86691e-07 0 0 1 0
14.4544 0.0866437 2.30479e-07 0 0 1 0
15.8489 0.0903714 1.86703e-07 0 0 1 0
17.378 0.0941134 1.5242e-07 0 0 1 0
19.0546 0.0978559 1.25417e-07 0 0 1 0
20.893 0.101585 1.04027e-07 0 0 1 0
22.9087 0.105286 8.69833e-08 0 0 1 0
25.1189 0.108945 6.54677e-08 0 0.107143 0.892857 0
27.5423 0.112548 5.56356e-08 0 0.107143 0.892857 0
30.1995 0.116085 4.76621e-08 0 0.107143 0.892857 0
33.1131 0.119542 4.11568e-08 0 0.107143 0.892857 0
36.3078 0.122911 3.58171e-08 0 0.107143 0.892857 0
39.8107 0.126184 3.14066e-08 0 0.107143 0.892857 0
43.6516 0.129356 2.77397e-08 0 0.107143 0.892857 0
47.863 0.132092 2.49837e-08 0 0.107143 0.892857 0
52.4807 0.134798 2.25744e-08 0 0.107143 0.892857 0
57.544 0.137387 2.05257e-08 0 0.107143 0.892857 0
63.0957 0.139838 2.42978e-09 0.870678 0.0138559 0.115466 0
69.1831 0.142143 8.26892e-10 0.952241 0.00511708 0.0426423 0
75.8578 0.1443 5.96174e-10 0.962874 0.00397779 0.0331482 0
83.1764 0.146307 4.86554e-10 0.967534 0.00347854 0.0289878 0
91.2011 0.148166 4.19763e-10 0.970165 0.00319666 0.0266388 0
100 0.149881 3.74082e-10 0.971837 0.00301751 0.0251459 0
109.648 0.151456 3.40688e-10 0.972975 0.00289558 0.0241298 0
120.226 0.152896 3.15208e-10 0.973784 0.00280882 0.0234068 0
131.826 0.154207 2.95186e-10 0.974379 0.00274514 0.0228762 0
144.544 0.155396 2.79115e-10 0.974825 0.00269733 0.0224777 0
158.489 0.156471 2.66011e-10 0.975166 0.00266079 0.0221733 0
173.78 0.157438 2.55196e-10 0.97543 0.00263249 0.0219374 0
190.546 0.158305 2.46189e-10 0.975637 0.0026103 0.0217525 0
208.93 0.15908 2.38633e-10 0.975801 0.00259275 0.0216062 0
229.087 0.159771 2.32259e-10 0.975932 0.00257874 0.0214895 0
251.189 0.160384 2.26859e-10 0.976037 0.00256749 0.0213957 0
275.423 0.160927 2.22268e-10 0.976122 0.00255838 0.0213199 0
301.995 0.161406 2.18356e-10 0.976191 0.00255098 0.0212581 0
331.131 0.161827 2.15015e-10 0.976247 0.00254492 0.0212077 0
363.078 0.162197 2.12158e-10 0.976294 0.00253994 0.0211662 0
398.107 0.162521 2.09713e-10 0.976332 0.00253584 0.021132 0
436.516 0.162804 2.07619e-10 0.976364 0.00253243 0.0211036 0
478.63 0.16305 2.05825e-10 0.97639 0.0025296 0.02108 0
524.807 0.163264 2.04288e-10 0.976412 0.00252725 0.0210604 0
575.44 0.16345 2.02971e-10 0.976431 0.00252527 0.0210439 0
630.957 0.163611 2.01844e-10 0.976446 0.00252362 0.0210302 0
691.831 0.16375 2.00878e-10 0.976459 0.00252223 0.0210186 0
758.578 0.163869 2.00053e-10 0.97647 0.00252106 0.0210089 0
831.764 0.163973 1.99346e-10 0.976479 0.00252008 0.0210007 0
912.011 0.164061 1.98743e-10 0.976487 0.00251925 0.0209937 0
1000 0.164137 1.98228e-10 0.976494 0.00251855 0.0209879 0
1096.48 0.164202 1.97789e-10 0.976499 0.00251796 0.020983 0
1202.26 0.164258 1.97415e-10 0.976504 0.00251746 0.0209788 0
1318.26 0.164306 1.97096e-10 0.976508 0.00251703 0.0209753 0
1445.44 0.164346 1.96825e-10 0.976511 0.00251668 0.0209723 0
1584.89 0.164381 1.96595e-10 0.976514 0.00251637 0.0209698 0
1737.8 0.16441 1.964e-10 0.976516 0.00251612 0.0209677 0
1905.46 0.164435 1.96236e-10 0.976518 0.00251591 0.0209659 0
2089.3 0.164456 1.96095e-10 0.97652 0.00251572 0.0209644 0
2290.87 0.164474 1.95977e-10 0.976521 0.00251557 0.0209631 0
2511.89 0.164488 1.95878e-10 0.976523 0.00251544 0.020962 0
2754.23 0.164501 1.95793e-10 0.976524 0.00251533 0.0209611 0
3019.95 0.164512 1.95726e-10 0.976524 0.00251525 0.0209604 0
3311.31 0.164521 1.95665e-10 0.976525 0.00251517 0.0209597 0
3630.78 0.164528 1.95617e-10 0.976526 0.00251511 0.0209592 0
3981.07 0.164534 1.9558e-10 0.976526 0.00251506 0.0209588 0
4365.16 0.164539 1.95544e-10 0.976527 0.00251501 0.0209585 0
4786.3 0.164543 1.95517e-10 0.976527 0.00251498 0.0209582 0
5248.07 0.164545 1.95502e-10 0.976527 0.00251496 0.020958 0
5754.4 0.164548 1.95486e-10 0.976527 0.00251494 0.0209578 0
6309.57 0.164548 1.95484e-10 0.976527 0.00251494 0.0209578 0
6918.31 0.164553 1.9545e-10 0.976528 0.00251489 0.0209575 0
7585.78 0.164552 1.95462e-10 0.976528 0.00251491 0.0209576 0
8317.64 0.16455 1.95473e-10 0.976527 0.00251492 0.0209577 0
9120.11 0.164559 1.95412e-10 0.976528 0.00251485 0.020957 0
10000 0.164547 1.95493e-10 0.976527 0.00251495 0.0209579 0
